6
4
100 0.11 0.67 0.33 0.55 0.25
0.11 100 0.34 0.12 0.8 0.73 
0.67 0.34 100 0.91 0.76 0.22
0.33 0.12 0.91 100 0.43 0.82
0.55 0.8 0.76 0.43 100 0.48
0.25 0.73 0.22 0.82 0.48 100